1 2 1.332428
1 3 2.603809
1 4 1.991338
1 5 5.736312
1 6 7.375656
1 7 8.472632
1 8 12.203096
1 9 13.634856
1 10 15.051885
1 11 21.749853
1 12 24.317863
1 13 24.476957
1 14 24.333845
1 15 22.203964
1 16 21.116728
1 17 10.484278
1 18 8.137745
1 19 6.669998
1 20 5.364666
1 21 8.251891
1 22 6.549958
1 23 10.120762
1 24 11.826278
1 25 11.498818
1 26 10.905415
1 27 8.871277
1 28 10.963858
1 29 13.252171
1 30 9.229288
1 31 14.718735
1 32 12.475389
1 33 15.134242
1 34 20.068991
1 35 14.177532
1 36 11.012837
1 37 8.944786
1 38 5.127337
1 39 2.403541
1 40 2.445884
1 41 4.791947
1 42 2.257341
1 43 9.334473
1 44 9.835536
1 45 10.632421
1 46 10.290831
1 47 6.989076
1 48 5.911418
1 49 8.531067
1 50 7.650840
1 51 2.149291
1 52 3.682339
1 53 8.168237
2 3 1.290870
2 4 2.838321
2 5 6.123223
2 6 7.174902
2 7 9.587118
2 8 13.457506
2 9 15.351879
2 10 17.793142
2 11 21.269926
2 12 23.542250
2 13 23.442797
2 14 22.939358
2 15 20.636730
2 16 15.613380
2 17 11.536955
2 18 8.670270
2 19 5.495502
2 20 2.347565
2 21 5.256042
2 22 2.782856
2 23 6.557139
2 24 8.147889
2 25 7.384174
2 26 7.758409
2 27 7.845466
2 28 8.922404
2 29 12.405676
2 30 9.633557
2 31 14.902616
2 32 13.510834
2 33 16.382809
2 34 17.124716
2 35 16.711809
2 36 14.092007
2 37 11.633248
2 38 8.479658
2 39 5.848463
2 40 3.268998
2 41 6.791043
2 42 4.580414
2 43 12.063575
2 44 11.487846
2 45 10.901488
2 46 10.698239
2 47 8.046727
2 48 6.022415
2 49 7.620525
2 50 7.585331
2 51 3.528948
2 52 2.043048
2 53 5.686429
3 4 1.324180
3 5 3.510232
3 6 6.795255
3 7 9.389461
3 8 12.760098
3 9 14.525181
3 10 17.239437
3 11 21.567532
3 12 23.834326
3 13 23.803680
3 14 23.257832
3 15 21.064890
3 16 17.827028
3 17 13.970521
3 18 11.205839
3 19 6.738928
3 20 3.703624
3 21 5.913231
3 22 2.539848
3 23 5.956122
3 24 8.068714
3 25 7.259682
3 26 9.126161
3 27 9.836035
3 28 10.680029
3 29 13.936008
3 30 11.566322
3 31 15.331507
3 32 14.849870
3 33 16.850014
3 34 18.259581
3 35 17.356499
3 36 14.629159
3 37 13.298699
3 38 9.047395
3 39 7.463102
3 40 4.384920
3 41 9.383027
3 42 7.652692
3 43 15.158702
3 44 14.538111
3 45 14.175468
3 46 14.848763
3 47 12.318487
3 48 9.823585
3 49 11.114408
3 50 12.353111
3 51 8.104872
3 52 5.974595
3 53 7.688152
4 5 1.305452
4 6 3.836333
4 7 5.298541
4 8 9.392101
4 9 10.595570
4 10 12.476725
4 11 14.875210
4 12 21.776608
4 13 21.944498
4 14 21.652472
4 15 14.512879
4 16 14.659066
4 17 10.596167
4 18 8.920741
4 19 4.120529
4 20 4.458451
4 21 5.570790
4 22 5.435675
4 23 7.800275
4 24 9.537542
4 25 10.158683
4 26 9.447734
4 27 9.320802
4 28 9.234648
4 29 11.062068
4 30 7.995511
4 31 12.083329
4 32 10.195579
4 33 12.593449
4 34 13.376287
4 35 11.856613
4 36 8.820538
4 37 7.116554
4 38 2.917232
4 39 3.163750
4 40 1.951186
4 41 5.715415
4 42 6.797955
4 43 12.361932
4 44 13.637453
4 45 13.595516
4 46 15.411209
4 47 12.350905
4 48 9.503990
4 49 12.532602
4 50 13.560417
4 51 8.832365
4 52 6.947456
4 53 10.997334
5 6 1.332396
5 7 3.570613
5 8 6.666027
5 9 8.416336
5 10 11.569717
5 11 13.543118
5 12 15.973682
5 13 15.393586
5 14 15.122778
5 15 12.928114
5 16 13.090004
5 17 10.071261
5 18 8.998476
5 19 4.189297
5 20 5.403075
5 21 5.347283
5 22 5.961802
5 23 7.437021
5 24 9.058026
5 25 10.288257
5 26 9.720349
5 27 9.926328
5 28 8.809563
5 29 9.887635
5 30 6.922575
5 31 9.702227
5 32 9.142076
5 33 10.857242
5 34 12.545147
5 35 11.781824
5 36 9.647653
5 37 8.886252
5 38 4.754377
5 39 7.298183
5 40 4.071794
5 41 6.915213
5 42 8.751019
5 43 13.669712
5 44 14.735620
5 45 14.510718
5 46 17.275467
5 47 14.557960
5 48 10.850665
5 49 14.187358
5 50 16.484715
5 51 12.371656
5 52 10.166802
5 53 13.413466
6 7 1.306317
6 8 3.766155
6 9 6.010431
6 10 9.985728
6 11 11.304152
6 12 13.287477
6 13 11.799894
6 14 11.017836
6 15 8.647061
6 16 8.668379
6 17 6.193007
6 18 5.663110
6 19 2.633132
6 20 5.001592
6 21 4.713988
6 22 6.237663
6 23 7.648994
6 24 8.687290
6 25 9.965487
6 26 8.532125
6 27 8.138638
6 28 5.959949
6 29 5.733267
6 30 2.736869
6 31 5.592173
6 32 6.057698
6 33 8.087077
6 34 9.909980
6 35 10.102418
6 36 8.835218
6 37 7.599872
6 38 5.109584
6 39 7.244375
6 40 3.914884
6 41 5.182754
6 42 7.236737
6 43 11.043799
6 44 11.774997
6 45 11.377333
6 46 14.368124
6 47 12.748236
6 48 8.715185
6 49 12.469186
6 50 14.925589
6 51 12.320015
6 52 10.445347
6 53 13.307624
7 8 1.287828
7 9 2.592820
7 10 2.912839
7 11 6.407020
7 12 9.622150
7 13 9.417210
7 14 9.612330
7 15 8.083217
7 16 9.346268
7 17 6.790368
7 18 7.285042
7 19 5.102800
7 20 7.798748
7 21 9.594450
7 22 10.805134
7 23 12.872295
7 24 13.954170
7 25 14.825683
7 26 12.452837
7 27 11.355424
7 28 9.249033
7 29 9.094099
7 30 2.484094
7 31 5.104431
7 32 2.920063
7 33 4.540039
7 34 6.179845
7 35 4.180614
7 36 2.487649
7 37 3.168207
7 38 2.176795
7 39 6.018172
7 40 4.253073
7 41 4.000749
7 42 7.813721
7 43 11.409753
7 44 12.938315
7 45 13.600885
7 46 16.368023
7 47 13.528884
7 48 10.965123
7 49 14.577274
7 50 16.655067
7 51 13.058008
7 52 11.525504
7 53 15.704991
8 9 1.292110
8 10 4.470481
8 11 3.985074
8 12 5.473956
8 13 4.944502
8 14 5.407681
8 15 5.658987
8 16 7.046074
8 17 6.559787
8 18 9.409722
8 19 7.928778
8 20 11.416942
8 21 12.532330
8 22 13.989975
8 23 15.508636
8 24 16.484726
8 25 17.805746
8 26 15.262043
8 27 14.009660
8 28 10.383899
8 29 8.168228
8 30 2.459834
8 31 1.621285
8 32 2.325075
8 33 1.835224
8 34 3.950058
8 35 4.273240
8 36 5.783803
8 37 5.467736
8 38 6.289922
8 39 9.900531
8 40 7.898093
8 41 5.574584
8 42 9.722991
8 43 11.918215
8 44 14.256178
8 45 15.488604
8 46 18.293558
8 47 15.977409
8 48 13.782272
8 49 17.536610
8 50 20.301979
8 51 16.685165
8 52 15.382047
8 53 19.423386
9 10 1.343394
9 11 2.944141
9 12 5.258243
9 13 6.958995
9 14 9.071417
9 15 8.331969
9 16 11.040477
9 17 9.298685
9 18 12.122025
9 19 10.568320
9 20 13.780245
9 21 14.975565
9 22 16.286312
9 23 17.928362
9 24 20.438768
9 25 21.388706
9 26 20.675306
9 27 16.994768
9 28 13.895743
9 29 12.451223
9 30 5.340316
9 31 5.819491
9 32 3.907215
9 33 3.947709
9 34 5.408422
9 35 3.159483
9 36 3.592832
9 37 5.186286
9 38 5.193699
9 39 10.477570
9 40 9.941753
9 41 6.911284
9 42 12.217597
9 43 13.159750
9 44 16.833858
9 45 18.387707
9 46 21.106073
9 47 20.593557
9 48 16.402224
9 49 20.118059
9 50 22.355816
9 51 21.315727
9 52 20.289682
9 53 21.767494
10 11 1.291273
10 12 1.973328
10 13 5.980072
10 14 9.763905
10 15 8.999164
10 16 13.435912
10 17 10.589507
10 18 14.913695
10 19 13.997060
10 20 16.944450
10 21 18.805258
10 22 21.034996
10 23 22.847569
10 24 24.049494
10 25 25.026770
10 26 24.324696
10 27 22.504070
10 28 17.412497
10 29 15.841477
10 30 8.773973
10 31 8.729250
10 32 5.216893
10 33 4.930810
10 34 6.045626
10 35 3.053389
10 36 2.540644
10 37 6.082091
10 38 6.064253
10 39 11.581746
10 40 12.575406
10 41 8.779231
10 42 14.483361
10 43 14.149777
10 44 18.662014
10 45 21.921251
10 46 24.155733
10 47 23.490255
10 48 21.690432
10 49 23.360336
10 50 25.480125
10 51 24.304106
10 52 23.421833
10 53 25.080019
11 12 1.338032
11 13 2.781887
11 14 6.514263
11 15 6.101568
11 16 10.517270
11 17 9.542902
11 18 14.633602
11 19 14.457413
11 20 17.840345
11 21 21.210154
11 22 22.879892
11 23 24.773802
11 24 25.745180
11 25 26.619709
11 26 25.683392
11 27 23.565790
11 28 20.595699
11 29 14.652875
11 30 8.927420
11 31 6.549275
11 32 5.515126
11 33 2.395956
11 34 3.440397
11 35 2.030236
11 36 5.019981
11 37 7.186762
11 38 9.430327
11 39 13.748675
11 40 13.719536
11 41 8.792279
11 42 14.417025
11 43 12.611625
11 44 17.853012
11 45 22.122240
11 46 24.515207
11 47 23.963202
11 48 22.426413
11 49 24.277531
11 50 26.434584
11 51 25.443092
11 52 24.827215
11 53 26.504454
12 13 1.295894
12 14 3.626758
12 15 6.354530
12 16 9.772370
12 17 11.347013
12 18 15.722972
12 19 15.962574
12 20 20.522053
12 21 22.449236
12 22 24.434978
12 23 26.314503
12 24 26.944443
12 25 27.772869
12 26 26.623302
12 27 24.256567
12 28 21.054319
12 29 14.908506
12 30 10.588078
12 31 6.574038
12 32 6.126448
12 33 3.413405
12 34 5.495908
12 35 6.010490
12 36 8.633184
12 37 10.916594
12 38 12.991036
12 39 17.149065
12 40 16.231030
12 41 11.465538
12 42 16.320692
12 43 14.862463
12 44 19.242382
12 45 22.164478
12 46 24.750856
12 47 24.493856
12 48 23.229212
12 49 25.141571
12 50 27.410421
12 51 26.746157
12 52 26.341463
12 53 27.889191
13 14 1.299866
13 15 2.422850
13 16 6.880247
13 17 7.921137
13 18 12.632916
13 19 13.616419
13 20 17.569788
13 21 21.679504
13 22 23.936085
13 23 25.882753
13 24 26.266935
13 25 26.936714
13 26 25.573277
13 27 22.990992
13 28 14.845716
13 29 11.900272
13 30 8.663528
13 31 3.696443
13 32 3.550823
13 33 2.025514
13 34 2.703624
13 35 5.360497
13 36 8.996626
13 37 9.162808
13 38 11.765245
13 39 15.572323
13 40 14.199413
13 41 8.615279
13 42 12.850560
13 43 10.772941
13 44 15.575447
13 45 20.355761
13 46 23.027414
13 47 22.961554
13 48 21.899961
13 49 23.844986
13 50 26.155777
13 51 25.737690
13 52 25.515419
13 53 26.970901
14 15 1.325915
14 16 3.469793
14 17 6.670660
14 18 10.697828
14 19 11.520350
14 20 16.403421
14 21 20.099367
14 22 22.625227
14 23 24.560474
14 24 24.603291
14 25 25.130566
14 26 23.566648
14 27 20.815222
14 28 12.366995
14 29 8.355849
14 30 6.782392
14 31 2.490017
14 32 3.279492
14 33 3.811308
14 34 5.932239
14 35 8.277068
14 36 12.033932
14 37 11.117356
14 38 12.856801
14 39 16.492952
14 40 13.632781
14 41 9.398736
14 42 11.518541
14 43 10.635388
14 44 13.934814
14 45 15.332859
14 46 20.661428
14 47 20.946131
14 48 20.065437
14 49 21.909307
14 50 24.319452
14 51 24.263193
14 52 24.160805
14 53 25.385210
15 16 1.314568
15 17 2.601863
15 18 6.791593
15 19 8.788763
15 20 12.644565
15 21 14.132327
15 22 20.286419
15 23 22.353390
15 24 22.318045
15 25 22.611866
15 26 20.883543
15 27 12.626774
15 28 9.378651
15 29 6.540264
15 30 3.627415
15 31 2.772116
15 32 1.739842
15 33 3.608197
15 34 1.957401
15 35 4.987201
15 36 8.090283
15 37 6.940636
15 38 9.868804
15 39 12.541559
15 40 10.177014
15 41 5.728389
15 42 6.889219
15 43 5.279817
15 44 9.110343
15 45 11.313954
15 46 13.575475
15 47 12.156918
15 48 11.837400
15 49 15.207880
15 50 21.270021
15 51 21.318989
15 52 21.308750
15 53 22.494215
16 17 1.361798
16 18 4.644383
16 19 7.200576
16 20 11.144111
16 21 11.823141
16 22 15.633591
16 23 20.563789
16 24 20.281103
16 25 20.294155
16 26 12.421978
16 27 9.153978
16 28 6.431886
16 29 2.161943
16 30 2.547716
16 31 2.213973
16 32 3.326406
16 33 7.284265
16 34 7.725363
16 35 10.510861
16 36 13.302069
16 37 10.072255
16 38 11.536010
16 39 12.561307
16 40 9.965051
16 41 6.864997
16 42 5.395518
16 43 4.929880
16 44 7.235375
16 45 8.041326
16 46 10.409282
16 47 10.534537
16 48 9.756852
16 49 12.480252
16 50 14.995254
16 51 14.706538
16 52 14.889446
16 53 20.002083
17 18 1.318834
17 19 4.204051
17 20 7.788024
17 21 9.258432
17 22 12.484263
17 23 14.157845
17 24 12.580648
17 25 13.739194
17 26 9.954441
17 27 6.942753
17 28 3.822134
17 29 2.162300
17 30 1.976076
17 31 3.702447
17 32 2.611171
17 33 6.352846
17 34 5.164382
17 35 6.955626
17 36 7.479429
17 37 3.608551
17 38 6.512304
17 39 7.938400
17 40 5.798113
17 41 1.945920
17 42 2.894948
17 43 2.436674
17 44 5.450564
17 45 7.161351
17 46 9.660959
17 47 7.989591
17 48 6.752101
17 49 10.158523
17 50 12.567660
17 51 11.159047
17 52 11.480469
17 53 13.750209
18 19 1.329221
18 20 4.578632
18 21 6.631032
18 22 9.946184
18 23 11.972955
18 24 9.508965
18 25 9.592860
18 26 6.048130
18 27 2.562989
18 28 2.312791
18 29 2.386720
18 30 2.791278
18 31 7.173231
18 32 6.561469
18 33 10.530360
18 34 10.521697
18 35 12.729147
18 36 12.112347
18 37 8.225815
18 38 7.696054
18 39 6.648931
18 40 4.216538
18 41 2.641829
18 42 1.871065
18 43 3.503218
18 44 3.001396
18 45 2.623989
18 46 5.216074
18 47 5.386409
18 48 2.883258
18 49 5.964430
18 50 8.554774
18 51 8.266552
18 52 7.711989
18 53 9.480783
19 20 1.341365
19 21 2.461583
19 22 4.601452
19 23 5.737111
19 24 6.304829
19 25 7.541175
19 26 4.112763
19 27 2.405498
19 28 1.836308
19 29 2.740499
19 30 2.148801
19 31 6.258300
19 32 6.785078
19 33 10.135814
19 34 11.187092
19 35 12.560226
19 36 11.567603
19 37 8.830761
19 38 7.621817
19 39 6.242852
19 40 2.621842
19 41 3.638200
19 42 2.687786
19 43 7.354527
19 44 6.945244
19 45 6.267058
19 46 9.334888
19 47 8.080489
19 48 3.612432
19 49 6.811872
19 50 9.895351
19 51 7.777899
19 52 6.092272
19 53 8.788729
20 21 1.336705
20 22 2.377978
20 23 5.439033
20 24 5.771764
20 25 2.383991
20 26 3.162491
20 27 2.177969
20 28 3.767014
20 29 7.487899
20 30 6.009950
20 31 11.036811
20 32 10.396524
20 33 13.803187
20 34 14.619314
20 35 15.413659
20 36 13.693819
20 37 10.611506
20 38 8.812359
20 39 6.643055
20 40 1.838667
20 41 5.154860
20 42 3.112948
20 43 9.345101
20 44 8.280927
20 45 6.856588
20 46 8.514729
20 47 7.063196
20 48 3.171397
20 49 3.705473
20 50 7.106354
20 51 5.729457
20 52 2.477904
20 53 2.368217
21 22 1.317793
21 23 2.377499
21 24 2.312244
21 25 2.025783
21 26 1.888238
21 27 2.906882
21 28 1.815082
21 29 6.740189
21 30 6.982140
21 31 10.692390
21 32 12.762998
21 33 15.637626
21 34 17.179853
21 35 18.260736
21 36 16.630791
21 37 14.394852
21 38 11.906012
21 39 10.654825
21 40 4.313156
21 41 9.174530
21 42 6.962533
21 43 12.518533
21 44 10.421204
21 45 8.940956
21 46 11.344996
21 47 10.614856
21 48 5.554378
21 49 6.711126
21 50 10.622781
21 51 9.869383
21 52 6.314246
21 53 7.480136
22 23 1.300597
22 24 3.117831
22 25 3.003766
22 26 4.482894
22 27 6.614918
22 28 7.080936
22 29 10.833626
22 30 10.285148
22 31 14.027408
22 32 14.897691
22 33 17.590487
22 34 20.741758
22 35 21.660131
22 36 21.179918
22 37 15.504222
22 38 12.381135
22 39 11.015122
22 40 4.541836
22 41 10.547209
22 42 8.451370
22 43 15.202015
22 44 13.679460
22 45 12.209155
22 46 13.750417
22 47 12.575976
22 48 8.511213
22 49 8.354102
22 50 11.901283
22 51 9.722705
22 52 5.642574
22 53 6.385220
23 24 1.320437
23 25 3.054636
23 26 5.378002
23 27 8.394486
23 28 6.905740
23 29 11.814447
23 30 11.565428
23 31 15.094490
23 32 16.897451
23 33 20.870888
23 34 22.971807
23 35 23.967628
23 36 23.535204
23 37 21.073891
23 38 14.888648
23 39 14.095635
23 40 7.320373
23 41 13.290085
23 42 11.251274
23 43 17.635063
23 44 15.845122
23 45 14.436259
23 46 16.492218
23 47 15.330322
23 48 10.756850
23 49 10.753060
23 50 14.931665
23 51 13.338110
23 52 8.999633
23 53 9.460562
24 25 1.328795
24 26 2.689762
24 27 5.812969
24 28 3.512908
24 29 9.126442
24 30 10.779257
24 31 14.300226
24 32 16.731575
24 33 21.454824
24 34 23.629906
24 35 24.901775
24 36 24.822351
24 37 22.401758
24 38 16.306036
24 39 15.264269
24 40 8.497293
24 41 13.685973
24 42 11.658413
24 43 16.571424
24 44 14.111888
24 45 11.542955
24 46 14.385959
24 47 14.489388
24 48 9.666669
24 49 7.539402
24 50 13.530276
24 51 13.456441
24 52 9.574549
24 53 8.548078
25 26 1.305153
25 27 4.571507
25 28 6.278015
25 29 10.962310
25 30 12.557378
25 31 16.307297
25 32 17.972858
25 33 22.048111
25 34 24.016859
25 35 25.235573
25 36 25.096510
25 37 22.550026
25 38 16.747118
25 39 14.558184
25 40 8.618875
25 41 13.841180
25 42 10.622123
25 43 15.844085
25 44 12.412011
25 45 9.537973
25 46 11.197284
25 47 11.658109
25 48 8.270282
25 49 3.704895
25 50 9.748456
25 51 10.325927
25 52 6.265107
25 53 4.959073
26 27 1.300834
26 28 2.912620
26 29 7.318468
26 30 9.083991
26 31 13.082713
26 32 14.411548
26 33 20.774147
26 34 22.597311
26 35 23.906666
26 36 23.952753
26 37 21.403208
26 38 14.643298
26 39 12.419753
26 40 7.015514
26 41 10.644822
26 42 8.289114
26 43 12.744706
26 44 9.757911
26 45 7.143244
26 46 9.641067
26 47 10.093962
26 48 5.612978
26 49 3.522379
26 50 9.084810
26 51 9.998129
26 52 6.825366
26 53 5.718349
27 28 1.316438
27 29 4.624766
27 30 7.355498
27 31 11.184779
27 32 12.006556
27 33 15.954638
27 34 16.388447
27 35 21.392069
27 36 21.693359
27 37 13.659761
27 38 12.625055
27 39 9.950471
27 40 6.334759
27 41 8.028199
27 42 5.252462
27 43 8.272834
27 44 5.400602
27 45 3.524494
27 46 6.190892
27 47 6.045857
27 48 2.021798
27 49 2.763268
27 50 6.131076
27 51 6.395591
27 52 4.525390
27 53 5.568029
28 29 1.340765
28 30 3.756824
28 31 7.487969
28 32 9.003720
28 33 12.608229
28 34 13.505173
28 35 15.732217
28 36 15.561115
28 37 12.394588
28 38 11.968651
28 39 10.898685
28 40 6.732509
28 41 6.975660
28 42 6.277266
28 43 8.786202
28 44 7.988221
28 45 6.280367
28 46 9.306166
28 47 9.772619
28 48 4.826144
28 49 6.657094
28 50 10.585950
28 51 10.296394
28 52 7.910441
28 53 9.593081
29 30 1.329479
29 31 4.699621
29 32 7.021643
29 33 10.810588
29 34 11.974895
29 35 14.469904
29 36 15.271164
29 37 12.289000
29 38 12.391696
29 39 11.975803
29 40 8.556671
29 41 7.461597
29 42 6.501443
29 43 7.166027
29 44 6.905885
29 45 5.759449
29 46 8.862901
29 47 10.372518
29 48 7.677626
29 49 9.593137
29 50 13.017575
29 51 12.941675
29 52 11.640481
29 53 13.277027
30 31 1.299439
30 32 2.718995
30 33 4.661062
30 34 6.255947
30 35 7.696079
30 36 7.802364
30 37 5.395484
30 38 4.998823
30 39 7.160103
30 40 3.638812
30 41 2.526927
30 42 3.557821
30 43 7.046262
30 44 8.350518
30 45 9.001069
30 46 11.833698
30 47 9.789618
30 48 7.167556
30 49 10.915588
30 50 13.089035
30 51 10.813952
30 52 10.199629
30 53 13.254391
31 32 1.318673
31 33 3.872090
31 34 5.906339
31 35 8.055947
31 36 10.100125
31 37 8.447730
31 38 9.167607
31 39 12.498670
31 40 9.149765
31 41 6.677665
31 42 9.215068
31 43 9.863792
31 44 12.206116
31 45 12.752394
31 46 15.712399
31 47 14.865515
31 48 12.267832
31 49 15.547079
31 50 18.223656
31 51 16.776741
31 52 15.854555
31 53 18.486559
32 33 1.325447
32 34 2.760439
32 35 2.748510
32 36 3.516256
32 37 2.252954
32 38 4.569601
32 39 8.501896
32 40 7.021643
32 41 2.651329
32 42 6.791838
32 43 5.698736
32 44 10.326975
32 45 12.492067
32 46 14.933111
32 47 12.577835
32 48 11.080631
32 49 14.879856
32 50 16.948267
32 51 14.636925
32 52 14.318645
32 53 17.576962
33 34 1.281822
33 35 3.089719
33 36 6.894707
33 37 6.223932
33 38 7.780519
33 39 11.683554
33 40 10.042862
33 41 5.839025
33 42 10.761513
33 43 10.840730
33 44 14.489213
33 45 16.520382
33 46 18.894993
33 47 16.634241
33 48 15.123476
33 49 18.936319
33 50 21.538292
33 51 20.947489
33 52 20.472435
33 53 21.928402
34 35 1.296669
34 36 4.567579
34 37 5.402421
34 38 7.877390
34 39 11.732831
34 40 10.730002
34 41 5.196017
34 42 10.570862
34 43 8.185877
34 44 13.771042
34 45 16.332588
34 46 18.522900
34 47 15.909173
34 48 15.068164
34 49 20.051064
34 50 22.175541
34 51 21.463015
34 52 21.282333
34 53 22.988804
35 36 1.311771
35 37 3.170416
35 38 6.329094
35 39 10.065400
35 40 11.040844
35 41 6.543234
35 42 12.055713
35 43 9.738232
35 44 15.652480
35 45 18.516077
35 46 20.825037
35 47 16.753763
35 48 16.748384
35 49 20.915220
35 50 22.815575
35 51 21.776848
35 52 21.617107
35 53 23.568892
36 37 1.281900
36 38 3.312042
36 39 7.058401
36 40 8.482766
36 41 5.697310
36 42 10.962414
36 43 10.567017
36 44 15.225462
36 45 17.995686
36 46 21.279554
36 47 20.027239
36 48 15.590697
36 49 20.738869
36 50 22.379164
36 51 20.929659
36 52 20.648993
36 53 22.816072
37 38 1.307195
37 39 4.591441
37 40 6.219903
37 41 2.733367
37 42 6.623353
37 43 7.170675
37 44 10.850534
37 45 13.715364
37 46 15.410955
37 47 11.163980
37 48 11.299363
37 49 14.765159
37 50 15.573591
37 51 11.464412
37 52 12.425723
37 53 20.038486
38 39 1.339963
38 40 3.137256
38 41 2.538838
38 42 6.230905
38 43 8.842201
38 44 10.767417
38 45 13.047634
38 46 14.368990
38 47 10.301147
38 48 9.967793
38 49 13.212595
38 50 13.965330
38 51 9.112479
38 52 9.905586
38 53 14.344786
39 40 1.287833
39 41 2.158718
39 42 3.965750
39 43 7.741002
39 44 9.181518
39 45 10.804365
39 46 11.516802
39 47 7.610125
39 48 6.860830
39 49 10.044053
39 50 10.661028
39 51 5.589798
39 52 6.483531
39 53 10.826490
40 41 1.275326
40 42 2.373066
40 43 7.913793
40 44 9.008592
40 45 9.030691
40 46 10.914434
40 47 7.879600
40 48 5.016525
40 49 8.190440
40 50 10.157381
40 51 5.914152
40 52 4.596856
40 53 8.624926
41 42 1.332287
41 43 4.468734
41 44 6.056452
41 45 8.292536
41 46 10.095740
41 47 6.231847
41 48 5.777869
41 49 9.341626
41 50 10.482678
41 51 6.719333
41 52 6.965098
41 53 10.888850
42 43 1.315572
42 44 2.420666
42 45 4.591292
42 46 5.924107
42 47 2.080693
42 48 2.606126
42 49 5.815270
42 50 5.983467
42 51 2.799732
42 52 3.249520
42 53 6.872930
43 44 1.330148
43 45 4.491580
43 46 6.102228
43 47 3.978374
43 48 5.576857
43 49 8.400253
43 50 8.266059
43 51 7.916490
43 52 10.376454
43 53 12.133410
44 45 1.296896
44 46 2.426625
44 47 2.177713
44 48 2.169951
44 49 4.450362
44 50 4.791834
44 51 6.856943
44 52 8.106021
44 53 9.198724
45 46 1.324349
45 47 3.235259
45 48 2.317349
45 49 1.858014
45 50 4.046846
45 51 5.836474
45 52 6.699022
45 53 6.898390
46 47 1.323642
46 48 2.988439
46 49 3.007222
46 50 1.858374
46 51 4.112529
46 52 6.073711
46 53 6.483824
47 48 1.323364
47 49 3.249177
47 50 2.652926
47 51 1.982654
47 52 4.178935
47 53 5.724833
48 49 1.332519
48 50 3.242234
48 51 2.637115
48 52 1.915886
48 53 3.187888
49 50 1.286457
49 51 2.922348
49 52 3.134818
49 53 1.950264
50 51 1.336107
50 52 3.447985
50 53 3.886853
51 52 1.337611
51 53 3.468118
52 53 1.278192
